21.83
19.51
17.21
14.02
14.21
23.6
18.27
13.39
14.37
14.62
18.69
22.64
22.94
15.87
15.37
14.64
13.24
19.13
21.36
21.71
20.65
15.96
22.86
13.22
15.55
15.9
16.69
19.48
23.25
17.16
24.51
18.83
16.54
23.06
14.28
15.64
20.71
17.78
20.66
13.99
22.68
22.77
19.84
22.46
19.75
14.67
14.84
14.35
19.05
19.61
23.15
14.05
13.76
13.6
13.91
22.76
18.81
19.46
19.72
19.91
23.46
23.58
14.26
13.85
24.22
16.1
15.83
17.52
13.63
15.17
20.05
16.25
15.21
22.45
17.44
15.55
21.66
16.53
22.02
15.1
18.98
13.49
19.98
15.15
15.29
18.18
24.56
15.98
19.18
24.75
22.51
20.12
20.61
23.96
18.97
16.25
15.56
20.89
24.25
20.87
17.52
23.48
16.48
21.14
21.34
16.64
15.83
15.32
17.45
23.46
13.95
14.01
23.87
23.29
21.86
23.59
17.03
24.22
19.55
14.53
15.29
15.5
19.21
22.48
17.57
16.51
17.96
13.36
18.66
19.3
20.63
22.87
20.04
17.13
20.14
19.34
24.44
19.14
18.82
23.37
16.53
23.42
21.17
19.82
21.42
17.5
14.5
16.55
14.26
21.62
19.62
15.11
19.74
19.3
21.46
13.26
14.77
23.92
18.63
24.59
18.03
23.93
16.37
18.5
14.93
17.76
23.82
17.5
23.72
14.19
14.15
19.75
18.49
17.63
17.73
19.48
21.86
24.69
15.31
13.69
13.82
15.08
22.51
17.83
24.08
21.57
23.68
14.15
18.84
24.28
18.13
16.93
18.22
23.05
23.77
13.77
15.38
17.84
17.29
24.77
21.6
20.61
13.77
21.94
19.21
16.87
16.7
14.68
21.7
22.51
20.62
17.57
14.96
24.21
14.02
13.9
15.32
23.62
13.27
13.78
22.74
24.15
18.98
17.55
18.36
16.8
15.3
13.04
16.71
19.47
21.71
22.62
18.62
15.62
14.24
24.57
24.38
20.47
23.51
20.66
18.16
19.27
21.7
16.66
21.98
24.36
20.5
18.42
19.94
17.42
18.48
13.51
13.6
14.2
15.77
22.86
18.14
12.86
18.34
22.52
15.71
15.39
23.32
24.67
19.85
20.24
23.61
13.33
16.35
16.15
24.98
22.43
22.51
23.86
22.55
13.65
21.11
24.68
18.07
21.52
20.14
16.7
23.44
17.93
21.56
19.58
23.33
14.12
17.56
22.22
23.54
18.34
21.7
14.9
24.29
24.88
18.08
22.67
16.06
19.5
18.45
21.04
16.42
13.32
14.22
22.04
13.8
18.0
14.88
13.51
20.27
16.39
22.8
16.36
21.97
17.88
24.44
23.45
22.24
16.49
16.24
18.84
13.44
19.7
13.5
18.72
23.44
14.82
22.99
14.69
20.11
13.61
24.58
21.49
23.79
20.69
18.37
18.96
22.5
23.11
15.63
13.54
13.46
18.04
13.25
16.88
20.74
18.19
17.96
20.9
23.67
23.36
21.98
13.39
13.03
20.84
23.84
21.48
22.17
18.38
24.59
16.82
13.57
23.37
16.88
14.37
17.55
21.55
17.65
19.23
21.86
20.83
15.93
22.28
23.31
20.96
19.7
16.97
16.15
14.36
18.96
16.68
16.3
14.32
15.36
18.27
18.58
20.86
19.33
19.45
23.38
23.66
14.99
23.8
18.43
22.62
16.38
17.91
24.19
22.02
17.71
23.43
22.27
24.62
15.8
13.9
19.78
23.53
19.8
22.77
13.48
21.64
16.73
21.68
21.26
21.48
24.28
21.37
17.52
16.49
19.79
21.63
21.86
14.89
22.09
18.39
23.11
21.21
23.75
23.62
18.2
17.94
23.7
20.2
19.0
16.13
21.28
16.23
15.13
20.45
13.62
19.21
21.36
23.88
15.34
24.67
15.73
24.86
15.75
19.6
14.72
14.26
24.26
19.72
20.22
24.16
20.89
18.88
14.48
15.69
15.0
19.97
16.46
13.78
18.59
17.74
13.56
15.69
24.54
22.44
20.93
23.59
22.76
24.7
24.85
18.23
18.24
15.31
18.59
22.56
18.06
17.54
15.76
22.24
15.68
14.32
13.49
13.27
18.11
15.27
22.65
18.83
19.52
21.82
14.19
16.25
16.03
22.64
14.99
22.64
24.89
16.54
16.37
14.05
20.08
15.37
24.01
17.12
19.98
19.34
15.1
17.85
17.25
23.94
23.66
13.89
14.58
19.49
24.09
19.21
13.84
18.63
18.75
14.69
23.44
17.92
22.8
14.94
21.39
24.19
16.72
20.89
15.51
15.81
16.06
22.18
14.64
17.93
14.49
15.6
20.85
16.85
19.15
19.77
22.32
21.01
17.47
13.84
14.35
15.06
18.21
14.79
19.88
23.53
14.45
24.72
17.55
21.68
19.7
24.22
17.34
17.0
15.77
20.2
15.6
14.2
24.07
16.54
23.74
19.06
24.21
15.14
24.62
21.74
13.04
16.51
19.27
19.18
22.85
21.04
24.5
22.51
17.6
17.7
24.63
24.48
14.45
14.98
23.96
13.35
15.23
20.11
22.95
16.12
20.36
13.17
14.4
18.75
19.99
19.43
21.93
15.49
16.64
19.33
16.27
16.1
18.42
13.21
14.55
23.7
14.66
21.68
19.76
23.44
14.65
19.63
13.29
17.6
18.13
15.61
16.12
24.47
17.7
18.71
17.2
17.55
16.1
20.65
24.64
20.6
21.8
22.79
15.65
15.81
22.22
16.91
21.07
18.59
15.27
19.28
23.82
22.79
13.22
20.64
22.42
13.79
19.2
18.98
15.22
24.34
21.49
19.14
19.55
19.57
18.88
24.54
18.79
22.45
17.93
14.26
13.18
16.11
21.71
20.06
23.79
22.42
18.33
15.62
23.89
24.91
20.6
21.31
15.83
22.21
16.75
22.53
23.74
18.64
15.5
14.33
16.34
24.3
22.67
23.2
17.29
24.63
23.31
13.17
14.93
18.93
18.69
21.17
23.28
19.81
24.19
20.83
13.94
20.55
20.36
19.44
18.33
24.51
17.73
14.84
18.19
21.3
21.58
14.38
13.05
14.74
24.06
17.15
15.89
13.3
14.33
24.42
17.04
13.07
19.2
13.68
13.06
24.24
19.1
13.08
16.45
13.91
20.35
22.86
23.38
22.14
23.01
14.74
15.65
13.87
21.58
20.63
17.39
24.34
20.6
17.18
20.79
18.23
19.54
13.32
22.81
17.88
20.06
20.31
13.33
19.92
18.33
14.23
18.25
19.85
14.6
22.91
14.09
18.65
18.95
17.82
15.72
20.63
17.77
18.75
18.7
21.09
23.02
24.12
22.92
22.1
15.77
16.29
20.45
21.57
17.54
19.19
14.74
21.39
22.71
21.92
24.0
18.45
22.22
19.83
14.44
24.5
18.95
19.06
22.78
16.82
17.96
21.54
20.35
23.2
22.14
18.94
20.38
18.23
13.36
15.41
17.16
24.55
21.75
17.26
16.43
19.86
20.93
17.13
15.89
13.53
15.67
18.37
13.27
15.13
13.46
21.45
20.5
14.34
24.51
14.53
20.0
20.42
14.16
13.64
14.5
13.22
23.62
22.24
21.14
22.51
24.46
20.88
23.63
23.27
19.19
19.99
22.44
23.87
20.25
21.94
24.76
16.66
18.92
24.96
13.81
24.38
24.32
22.05
14.54
14.01
19.39
16.63
13.01
14.38
13.56
23.28
22.65
23.42
19.79
17.8
19.42
24.63
22.83
19.99
16.92
23.77
18.61
22.49
14.03
23.2
22.56
15.69
16.05
18.99
21.15
14.55
15.62
16.18
18.32
23.11
22.63
24.47
17.42
17.65
22.04
20.3
22.02
14.64
22.81
14.07
17.65
21.88
17.29
23.33
15.6
22.27
23.76
20.95
15.88
16.7
23.04
15.46
17.73
22.04
16.91
23.48
15.73
24.01
16.48
22.25
15.43
24.29
14.4
15.52
16.78
15.28
23.83
21.34
13.39
19.76
14.08
24.29
15.44
23.86
17.42
21.69
13.13
19.75
13.58
15.64
13.13
14.51
23.55
23.18
20.99
16.2
14.04
20.49
20.6
21.14
16.27
22.77
17.16
13.45
17.28
14.94
14.3
22.14
18.83
22.57
18.06
22.36
23.61
21.49
17.65
15.87
16.45
21.15
18.03
23.26
23.1
10.99
17.89
22.58
13.2
15.22
17.29
14.03
17.83
21.31
24.92
17.04
20.62
18.13
23.63
13.78
18.07
23.42
23.25
20.43
21.48
14.71
16.26
19.75
18.58
14.63
21.66
18.97
18.37
16.3
22.23
20.57
15.35
17.95
18.92
14.34
17.97
15.63
23.95
16.04
20.74
24.85
16.71
20.39
19.35
19.08
23.7
24.81
18.68
18.3
15.6
13.03
17.87
18.63
17.43
14.62
15.52
18.23
24.96
16.46
24.86
20.08
14.65
21.14
16.58
24.96
17.15
21.41
20.09
17.38
20.35
19.74
23.47
20.98
16.06
23.46
22.27
22.81
23.65
15.46
23.27
20.07
23.05
13.47
19.75
19.35
17.09
21.44
21.01
15.28
14.61
16.89
14.21
20.76
20.55
13.21
15.6
19.9
13.86
13.34
18.9
20.09
22.66
17.14
17.91
17.1
14.11
14.83
21.51
18.7
19.04
21.48
22.31
19.06
16.79
16.09
14.82
16.16
18.1
24.43
20.26
21.45
15.3
24.26
21.6
24.09
18.1
16.77
21.52
19.68
13.43
19.17
22.62
23.66
20.09
21.16
20.93
15.95
18.79
21.99
23.83
17.29
18.82
15.47
19.96
15.75
18.56
19.32
18.54
18.86
21.33
15.52
15.81
13.8
15.88
14.75
18.02
24.96
13.66
16.35
20.22
18.79
17.03
22.37
15.0
24.58
16.75
15.06
20.44
14.67
13.85
22.52
15.24
24.14
22.11
15.39
23.61
23.29
13.29
21.05
15.57
20.97
22.23
14.92
16.81
20.98
16.76
20.41
16.72
18.48
14.18
24.81
19.44
22.48
21.54
16.92
20.96
24.91
20.25
9.99
24.3
20.18
20.27
19.49
18.19
21.39
19.03
18.16
24.32
21.39
16.85
14.16
14.62
17.45
24.19
20.39
23.47
18.45
16.22
20.77
13.05
19.09
20.29
14.92
15.18
13.91
18.1
22.12
14.63
14.49
15.84
21.62
17.11
15.14
14.42
22.51
13.88
23.44
21.39
24.21
24.07
13.83
13.21
23.41
24.34
20.37
23.16
23.68
21.68
14.61
18.72
13.53
18.12
19.91
20.62
17.46
13.14
23.73
21.04
20.55
24.09
15.38
14.98
19.59
14.23
20.32
17.96
22.87
13.0
17.37
25.0
18.66
14.03
19.75
15.58
14.31
24.55
22.16
17.79
13.32
15.65
22.0
19.74
13.25
17.88
16.25
22.56
14.73
18.68
24.86
18.79
19.78
14.27
16.35
21.48
14.59
19.39
21.47
18.62
15.62
20.4
24.37
22.76
22.75
23.14
22.22
13.08
18.39
21.64
22.56
21.12
23.38
24.48
16.17
22.92
15.04
14.77
15.53
23.84
19.47
22.47
14.84
14.89
16.9
20.97
23.44
15.42
16.95
13.19
19.16
23.24
16.83
16.38
19.06
15.06
16.3
21.9
22.84
13.0
15.82
15.26
19.32
15.22
16.74
22.68
24.37
17.38
21.86
13.67
19.38
20.32
24.96
20.7
15.61
23.04
21.07
19.06
13.92
21.84
16.34
15.36
19.78
22.95
15.71
18.81
21.69
19.05
22.85
24.35
24.2
18.7
17.93
18.4
19.42
19.31
20.39
24.56
13.52
24.7
13.51
15.04
19.71
23.75
19.11
14.73
15.84
24.72
18.7
24.44
22.73
8.88
13.26
23.27
19.67
15.48
21.14
22.0
21.71
23.62
22.8
21.8
17.89
19.79
22.93
20.36
23.82
18.94
13.18
19.4
17.92
23.13
17.13
13.01
21.79
16.05
14.44
16.86
13.16
14.6
19.28
13.71
18.4
20.4
23.68
22.51
18.82
24.6
21.96
21.88
20.46
19.93
18.71
20.22
17.6
22.43
23.35
21.79
16.71
13.99
22.63
13.31
21.13
13.66
17.77
21.48
21.13
20.26
22.64
13.57
17.92
24.72
19.32
19.66
14.4
19.82
21.51
18.42
19.37
13.2
22.77
17.54
16.0
23.81
15.42
20.28
17.38
23.68
18.23
19.08
24.53
19.6
16.81
18.85
18.39
23.44
15.49
24.68
21.71
17.84
16.79
24.99
16.95
21.15
20.62
17.62
15.9
23.43
18.18
22.87
18.11
15.74
18.68
14.33
23.71
24.37
22.19
16.0
15.07
14.15
16.55
20.64
21.06
23.54
18.85
21.7
20.63
24.77
24.86
19.05
15.96
15.96
21.74
18.33
23.4
21.25
14.84
21.33
13.77
18.12
19.86
23.62
18.4
21.88
18.68
18.31
17.81
20.97
17.72
21.97
22.65
19.41
17.72
20.99
21.63
14.38
20.58
19.79
13.84
14.73
19.32
21.01
14.19
16.79
15.06
15.05
22.4
18.45
19.06
18.29
13.38
21.46
23.61
23.92
19.45
18.69
21.4
15.59
24.87
18.27
13.57
15.2
14.56
15.09
23.05
24.08
17.75
15.58
22.83
24.0
22.46
21.8
22.31
23.69
15.01
13.96
22.05
22.49
18.7
22.34
20.52
14.68
13.48
18.11
19.41
18.31
15.5
16.02
23.15
18.07
23.93
16.28
19.93
15.7
22.36
16.92
13.14
23.65
20.96
13.42
16.21
22.07
16.74
19.89
21.02
17.59
19.44
20.58
20.2
22.99
15.69
14.31
13.12
17.03
15.48
17.12
20.85
15.63
18.49
24.11
16.35
23.33
16.93
18.16
11.39
23.61
19.05
17.82
22.57
13.16
21.97
16.75
16.33
23.95
22.12
18.99
18.7
14.71
19.66
14.18
21.95
14.14
19.17
17.21
13.19
16.38
18.54
14.1
13.59
18.7
19.83
21.45
13.2
17.24
19.5
16.67
19.41
15.57
13.03
18.05
14.78
23.95
13.27
22.53
24.55
16.48
16.27
17.01
22.97
17.82
24.16
18.48
19.18
18.08
13.79
18.77
14.11
17.49
21.76
14.92
15.5
21.84
18.92
21.85
23.09
15.13
23.1
20.0
18.07
14.12
19.17
22.13
22.68
17.8
18.12
18.76
19.98
21.99
20.54
13.94
19.84
24.26
19.99
19.42
17.36
22.65
18.96
23.5
14.16
17.57
21.34
19.91
21.07
13.24
23.57
22.16
15.99
13.82
15.56
16.99
20.75
22.89
21.38
18.15
17.56
24.87
19.08
21.87
21.46
13.17
15.1
15.49
17.49
15.72
13.02
17.35
16.34
19.08
20.84
20.26
18.37
18.42
15.16
14.21
23.97
18.7
18.2
18.66
24.22
20.41
24.64
22.7
23.41
16.39
13.82
19.04
20.53
14.08
19.67
13.21
24.18
20.83
18.34
21.97
17.16
19.71
19.02
17.1
22.06
16.56
18.15
16.89
24.64
16.38
18.67
10.65
24.16
17.18
18.31
16.57
16.26
21.8
19.1
16.27
13.47
18.24
13.77
21.38
23.85
23.19
13.07
17.82
19.92
15.11
15.7
16.51
22.47
21.53
14.47
10.98
14.73
21.8
13.23
20.66
14.14
18.26
15.69
15.72
17.13
18.28
22.24
14.67
24.78
18.37
24.59
15.31
16.47
19.42
18.19
16.98
17.85
14.35
17.62
16.16
17.65
13.85
20.31
15.13
22.59
17.82
16.27
15.88
17.57
14.71
14.82
14.66
21.0
20.43
16.14
23.96
21.96
16.9
19.56
23.16
24.21
24.45
13.23
19.2
23.85
16.37
21.44
13.14
13.49
13.34
14.69
17.49
22.27
21.81
17.15
19.44
23.41
21.57
23.91
16.43
16.22
17.4
16.6
20.41
20.92
22.17
23.69
20.74
18.55
13.89
18.56
18.48
17.87
20.96
23.19
13.58
15.09
22.28
19.71
22.2
24.54
16.07
18.51
22.21
16.04
22.34
15.42
16.38
21.84
22.59
13.48
17.44
16.3
13.85
16.52
24.13
21.22
13.89
18.83
16.82
17.94
19.52
17.62
24.48
19.48
13.74
18.6
21.74
15.06
22.67
20.31
13.29
23.49
18.75
14.38
18.04
19.71
21.62
22.07
13.07
23.7
24.72
15.18
15.47
20.78
15.36
24.26
19.9
22.3
17.66
13.41
20.04
18.6
23.37
19.96
21.82
21.49
23.76
17.03
14.69
22.26
17.81
17.17
17.69
21.9
18.15
17.93
14.9
24.05
13.88
23.16
13.89
24.28
20.14
19.81
20.42
15.51
23.92
22.69
14.75
21.71
16.97
18.38
16.47
13.5
20.71
24.66
16.35
15.18
24.07
23.91
13.59
23.31
21.23
15.72
13.87
18.8
17.68
17.35
17.47
24.58
21.7
21.67
16.98
17.19
14.92
12.99
23.72
13.18
13.34
19.71
19.6
23.6
18.71
18.23
14.62
24.27
14.17
13.36
16.87
22.66
22.16
23.97
13.97
17.58
16.44
15.45
22.19
14.03
20.81
24.25
15.45
16.46
19.23
13.78
15.48
15.71
23.93
13.06
16.4
17.22
23.51
22.88
24.66
20.32
19.67
15.16
24.78
15.15
18.06
20.96
21.77
14.42
24.72
19.09
20.52
18.33
22.12
13.25
24.47
18.84
18.43
15.18
17.85
23.27
21.85
24.5
16.11
18.42
19.42
17.54
19.56
13.73
15.78
19.32
19.75
24.52
14.01
23.48
19.14
16.0
23.45
21.47
18.36
19.02
19.83
20.08
18.12
24.63
16.2
22.38
14.4
18.71
16.16
16.06
14.54
18.93
18.07
20.99
20.7
17.98
17.22
16.71
15.1
21.66
24.11
16.68
17.38
21.62
20.75
23.0
22.83
17.14
24.82
19.34
14.84
15.46
15.33
17.54
24.3
21.59
14.2
13.74
17.8
17.33
21.2
14.59
16.83
14.74
15.71
24.49
19.74
14.66
22.04
17.1
21.5
15.71
23.54
23.29
18.21
21.82
16.96
13.9
14.11
18.2
23.65
15.13
13.82
15.44
24.87
21.19
20.59
13.15
14.32
22.46
21.02
17.66
22.42
15.45
18.6
16.86
17.37
19.34
13.91
18.59
13.51
22.92
19.26
18.8
21.81
21.95
17.47
15.14
24.18
20.72
13.23
24.34
15.17
14.03
23.85
13.57
18.7
24.81
16.11
18.2
16.37
17.41
22.7
20.68
20.33
16.43
24.89
14.01
19.54
13.88
22.54
22.02
13.04
21.17
22.89
20.43
24.16
18.01
23.19
19.66
21.04
20.67
13.01
20.1
21.23
20.65
24.04
16.75
15.23
14.13
20.52
20.79
11.27
21.53
17.22
13.98
14.15
16.47
21.8
22.27
21.12
21.82
23.84
18.44
23.19
14.29
16.17
23.82
23.92
19.1
16.5
18.42
24.8
16.13
23.1
18.48
22.15
13.87
17.6
16.54
19.06
14.09
16.72
23.3
18.02
23.79
20.47
13.7
22.42
18.48
19.33
13.14
13.9
13.21
19.02
24.78
17.06
15.94
23.46
21.58
14.31
16.66
17.47
16.38
14.99
23.63
24.58
17.56
22.87
22.73
16.22
14.4
15.36
23.43
23.47
14.99
22.83
19.35
22.61
18.14
14.39
24.47
15.08
17.33
24.55
19.56
20.61
24.16
21.85
23.69
14.63
13.96
14.91
20.51
21.81
21.65
17.92
14.98
19.47
21.6
17.24
14.05
23.2
20.09
22.18
20.41
14.46
15.75
15.88
23.42
18.72
13.86
18.93
16.59
19.33
23.24
14.73
13.66
24.68
18.01
23.53
24.25
24.19
18.97
16.89
21.55
16.85
13.12
18.31
23.02
24.47
15.68
24.94
15.81
13.38
17.14
13.51
17.94
19.47
21.66
16.45
17.02
18.93
20.01
16.85
23.58
23.31
24.01
13.41
22.03
24.54
19.71
13.03
16.91
17.46
23.07
19.87
14.66
22.15
24.95
15.17
14.86
18.76
15.84
19.08
18.82
15.58
17.09
15.36
15.84
23.21
19.8
15.78
23.67
18.61
15.28
16.07
15.71
21.98
24.83
14.86
13.73
21.85
15.42
23.45
20.33
16.32
21.24
16.01
19.0
17.95
17.76
19.52
20.95
16.71
20.12
15.13
15.95
14.71
21.95
16.46
22.51
23.05
16.99
15.83
14.18
22.53
18.77
21.69
24.39
17.08
20.74
20.64
19.95
17.19
15.16
23.2
21.61
18.56
15.53
16.8
24.92
24.04
16.64
14.81
24.42
16.68
17.6
14.85
15.15
19.98
13.48
19.65
17.88
23.14
17.56
15.06
19.57
20.09
13.26
16.81
16.26
20.34
20.78
13.9
22.86
17.4
17.31
